f_x: 876.381512016239
f_y: 876.629929151169
c_x: 960.000000000000
c_y: 540.000000000000
distortion_coefficients: [0.0227201841131163, 0.0241835971714519, -0.0490555909928167, 0.0507327429310131, 0.0000000000000000]